0,270
52,35
3,2
3,1
3,3
10,274
10,147
10,228
10,4
10,143
10,194
10,208
10,1
10,282
10,2
10,3
11,25
11,12
11,29
11,22
11,1
11,15
11,2
11,3
9,7
9,4
9,1
9,6
9,2
9,3
8,5
8,6
8,13
8,18
8,7
8,4
8,17
8,1
8,16
8,2
8,3
0,414
12,2
12,1
12,3
20,2
20,1
20,3
19,2
19,1
19,3
48,73
48,72
48,71
48,70
48,69
48,68
48,67
48,66
48,65
48,64
48,63
48,62
48,61
48,60
48,59
48,58
48,57
48,56
48,55
14,1
48,54
48,53
48,52
48,51
48,50
48,49
48,48
48,47
48,46
48,45
48,44
48,43
48,42
48,41
48,40
48,39
14,4
48,38
48,37
48,36
48,35
48,34
48,33
48,32
48,31
48,30
48,29
48,28
48,27
48,26
48,25
48,24
48,23
48,22
48,21
48,20
48,19
48,18
48,17
48,16
48,15
14,3
48,14
48,13
48,12
48,11
48,10
48,9
48,8
48,7
13,1
48,6
48,5
48,4
48,3
48,2
48,1
13,3
48,0
47,140
47,139
47,138
